[
                [-79.87973,38.81837],
                [-79.88058,38.81718],
                [-79.88046, 38.81779],
                [-79.87948,38.81797],
                [-79.87967,38.81844],
                [-79.88042,38.8176],
                [-79.87971,38.81846],
                [-79.87974,38.81839],
                [-79.88042,38.81707],
                [-79.8797, 38.81843],
                [-79.87997,38.81682],
                [-79.88006,38.8184],
                [-79.88098,38.81833],
                [-79.88019,38.81843],
                [ -79.88054,38.81777],
                [-79.88098,38.81836],
                [-79.88099,38.81835],
                [-79.87977,38.81839],
                [-79.87972,38.81844],
                [-79.87971,38.81837],
                [-79.8811,38.81728],
                [-79.87973,38.81841],
                [-79.88058,38.81704],
                [-79.87978,38.81839],
                [-79.88086,38.8171],
                [-79.88003,38.81781]
            ]